-11.515922762103397
42.7422985135086
-12.445119693406129
-9.292725252523065
12.543137898625561
13.947475275932192
-32.50369794427932
4.3811023346586815
-7.555205363858527
-5.826286926794755
5.641365473333217
7.684103747976594
17.619329725173063
-9.874614057419787
-6.522298582441519
9.81669452183767
-7.335284297907503
-9.410384574151438
-23.33810775517035
5.854689160435073
-7.367996593947941
-7.019091065391148
6.852521856634297
4.40171804735985
-5.022516042755488
-5.582565681164374
14.583380146762163
12.17875147917995
26.52767859682641
-6.562782897232816
20.964123958264263
11.855342107049742
17.014785992908887
40.82743579173245
15.001217736587714
-20.106425295804122
11.439474291068043
7.019091065391148
-12.617531402743094
-11.372331471001058
-39.379658229286555
-5.006963901009853
-5.748196550386576
5.398775253264045
33.26278269152093
-5.360006548983122
-7.672674619232285
-6.522902856860926
-4.366843094952656
7.687130258029295
-9.360632684596096
5.943674628270445
9.603203120974847
-3.3757138335869294
26.649519247825822
-12.666109171198007
7.293779224643452
5.582565681164374
12.543283983554998
21.117195922241745
16.048676514810353
8.180085022498785
3.3757138335869294
10.277382135829962
-8.798720492054903
6.060318657254717
-12.900767545990734
5.006963901009853
-8.356960965487374
5.983261908278926
5.842687488670504
-4.930806522877715
8.419962888566973
-14.285777155638716
-6.706971549383168
-5.494634263842275
13.479643537657541
-13.90084495877718
-6.279454937308595
5.954945446800643
-6.073343436747792
7.650392263781948
4.934469022409417
7.752131281768716
-4.18430862111763
16.971340013041818
-9.199573306543844
7.4356356928368985
14.648502640321999
-13.64798625266848
-10.307638233627628
-4.147538408385048
13.11221575170173
19.294944583279847
4.040420267702289
6.614444628156359
9.340566205911692
-11.95641351112734
-11.022708397729314
4.350393149459121
12.206514775035544
27.16856089970487
13.184485733064172
14.82218166190941
17.122177583600376
-11.230165502288202
11.218932849548374
-11.855342107049742
-8.475265121208645
12.04271787330129
-4.371558474817046
-12.01790490613913
21.730365717969498
-11.764520077141158
7.648265893007576
9.87681504598865
8.500118823285234
-6.690391243019211
-10.52124967959654
-5.381680501533008
-10.983594767260806
-6.484812477173096
6.4842918002418894
-13.661940636579812
-4.2830410632582625
14.647240960501817
-10.769608718364859
-4.373762513559744
-9.434513238286845
-9.81669452183767
7.599914753907664
-8.419962888566973
5.48470395216388
-6.188385622141408
-3.071455198258271
-12.492256882403218
-4.103771667264969
-9.421943492798574
6.690391243019211
11.848841105375259
4.2830410632582625
34.912282259561984
9.77949439340964
-13.184485733064172
9.668923961386481
12.729897472749032
7.004198914378483
-12.780783407327792
-6.131969920472273
7.172585138913763
20.01216641264365
-7.364395108970856
-13.982806219724585
10.543391640717257
32.83916692064488
-5.2784016224869985
-8.380739519158247
20.777139744785988
8.648547181673331
-3.0384651309611868
-14.428866069797586
4.373762513559744
-5.024477246071998
8.964427650984936
-10.563374047647882
4.5688865650048704
-7.776830498554819
-6.755944335097777
12.780783407327792
15.927015301288431
2.427053661174957
3.91796256776403
22.857854713677643
8.380739519158247
-20.98955324980369
-11.651105383590254
14.12945694991136
-7.800480891644303
-8.107508599706065
-14.331691759005505
-12.176245964560994
40.87247493596703
-4.51313662399658
6.829948304967352
-6.869129907960418
-5.243922343546386
13.831167413563383
-5.602194321246273
22.724032999778967
16.753174067769844
-5.8272365825734065
3.7703785604348545
-7.141256747562857
-8.940210775804562
15.915452432896807
-5.23477389921708
-9.02601431429595
13.355380850816806
-8.547862653806472
14.833342938097205
7.311763670953205
-4.123756946000709
-21.922576174917307
-3.702326748616621
9.881590109167215
2.994780655968419
13.468021365554382
6.3521711789833475
-4.713233279504546
-3.821615877759379
-4.860777833205019
-5.035803164286875
7.672674619232285
-4.068302410222409
-7.019527359510743
-5.970046141437918
-11.246880086581934
2.695128947608832
8.195483175341597
-4.0675389160027855
9.830458105905782
5.23477389921708
-4.591152763427711
-2.7810993025761888
6.869129907960418
-10.380046387272126
10.452887303949643
11.73111900827121
7.141256747562857
4.133525494458183
6.562782897232816
-4.373664702577402
8.940210775804562
21.179349086732902
6.211109166825354
-4.123756946000709
5.422012703167159
-7.672834160216245
8.188888289497873
2.6879163934865686
9.02601431429595
-9.120505707408572
-13.020517810312644
5.494634263842275
-18.442991581821104
-4.436844231136404
14.256672408583107
3.1322469147549783
-4.366843094952656
42.678711194099904
-7.78592028959278
-10.945716958593167
18.050413739802647
5.313820829414557
10.902916922435244
12.126942763685452
8.864368672039223
-14.395966835854587
-13.11899285601382
18.479897417194906
-9.947194789118083
6.073343436747792
-13.52832652684086
15.699508671292863
-9.862221592425941
5.465105809839862
3.702326748616621
-41.28437170787218
1.1104687131529078
7.3769026382965395
6.175037540912126
35.26405207819491
4.860777833205019
10.983594767260806
5.035803164286875
6.687051514284285
5.409058623158325
27.999683303993226
6.2246567267703865
-7.004198914378483
-4.441248670536449
-5.3570284286559255
-4.358056081366993
20.98955324980369
2.842877267132227
-11.172357033716297
-7.947345720243807
-3.569769542418303
4.140393434563858
-29.15707861958601
11.040290690148721
-9.168296200456265
27.805641729435848
-8.477441119470367
11.606731876402812
14.839602478035589
19.420480710961108
23.081337861325242
10.307638233627628
27.801411231731326
32.50369794427932
-3.8718860588168953
12.519776249701435
7.23821719011166
10.563374047647882
-7.871237222134626
-5.027123353522364
-10.851174971722033
11.230165502288202
-4.3919994817002035
6.178990813757397
-3.90755695547762
25.365561665890773
13.29355591951279
-9.669489207165748
13.484580748744365
-5.198956020775527
-2.5857499230289425
1.566587363986868
-11.74940163318561
12.714835233870417
4.8450851612844605
11.819074575205468
12.01790490613913
-19.467805332030064
16.23963284927035
12.445119693406129
12.952588398730517
5.258792124965858
-6.2012448983662125
9.410384574151438
10.52124967959654
-3.4901046704692185
-23.934834603688603
37.89803141730547
-6.001272097936414
13.374310248887092
24.890795908784444
-13.62062382980116
12.585660924626206
-5.854689160435073
14.17459931029418
11.061259940927245
10.49913414845533
-5.159229311428508
11.764520077141158
24.816867429369726
-7.372104860411853
10.874967598940849
15.246064503457916
23.714654762884464
28.30370638322668
27.27739089017914
-5.147552591078724
-8.148837245175127
15.9228864456701
14.652530138393583
-2.376746544984164
11.242950886381806
5.703056773514272
6.1320442586822885
-8.721745699616248
13.806768088791571
-21.153175293773426
-12.770471296197577
18.802167048238804
-6.3627292687475645
2.376746544984164
10.14095897204408
16.404584972989333
3.0673387509680197
-11.714415132268195
-6.510485325301247
7.954337431234693
-5.27050345221475
8.416615702906247
17.252357286149326
10.031375746695547
-3.8832772248170464
5.916396616679773
-17.27307614115696
-25.128174785789504
-5.1410281027842935
7.503882084953912
5.027123353522364
-18.307000146402867
4.147538408385048
16.609649161124615
10.945716958593167
16.65235268014762
12.576021114323456
-3.831808391113234
-2.892269280012952
-11.221327229505924
-0.9020563824097547
-10.603852890738672
-4.1107472247661185
-10.031375746695547
-19.88844043628881
-30.816663484277175
-6.576675180945294
-11.188684036430402
10.613941707877855
-11.906503985651725
8.406371263099075
-8.830727627844531
-10.066985393884039
18.902045435228455
5.430433669097537
-7.411769041891986
-11.443626319927354
-4.526295196258821
7.420621092172739
-6.672092477713814
-9.267663755998427
17.376188987368465
14.512513637801563
-5.8661513292963985
-8.964427650984936
-7.449252964562307
-5.834340514103792
22.57062518236441
-5.490945642633838
8.171818774928866
21.2055619626743
11.198620981389823
-6.049618181216317
-8.34067719705527
10.013667611310458
-11.215170802848414
-7.049601250937739
12.082669868608384
4.913276660195316
10.083181313979576
11.443626319927354
9.128043439483985
-31.020796987388024
23.43694061306274
7.411769041891986
-7.539351251384398
9.267663755998427
-3.4959132075548673
4.353701646842513
-3.19487134178056
-6.210435198664297
-7.193696855653312
5.521994638034445
-3.876043541548814
-6.525414570318432
9.237488991122522
4.174338784677123
6.846380438533608
17.498565156807196
5.80113258859821
5.8661513292963985
-11.30589888847972
-33.2424283716063
4.537560202410101
-29.194114106057796
7.449252964562307
-6.2340019722051085
-14.195139233994912
9.641596249288966
-6.555355056160608
12.861528447877893
-6.98872306692781
-9.340566205911692
6.576675180945294
-23.230564523544633
-17.032466625177438
13.936329144753223
7.049601250937739
8.34067719705527
-4.040420267702289
14.798380130589752
-17.37765151749285
-4.60819324278955
10.75637010812813
25.542195905375674
-9.934003040021388
-5.490945642633838
7.465059880657961
-11.961042509340375
-25.073598545637164
20.536281017156316
14.55142320976417
-5.0042585236469925
-14.648502640321999
-6.687051514284285
8.910468135426168
4.6544244636824095
16.579464714898307
-4.913276660195316
16.03518799285733
-11.544878595352085
7.719700930824418
10.156558469459139
-6.999392879542032
-6.764797667760067
-20.636297721445374
-4.944920825280914
14.272739400143188
6.975832495858615
5.147552591078724
18.160489393695126
-5.978693326733133
-7.802846151959868
6.638335129972199
-3.91796256776403
11.485990035960908
11.221327229505924
8.231380540708226
11.695159917995731
16.527976427712627
10.603852890738672
6.2340019722051085
-6.706971549383168
1.914122946368545
-16.25634986321954
-5.860608228239798
-11.73111900827121
6.467402617754453
-5.403189749234171
13.849623723706163
19.637902386652286
5.365833145552624
16.67715336041138
10.066985393884039
6.59506210342521
-28.466313849356535
11.946895108576717
8.747671813998926
-9.128043439483985
11.74940163318561
-16.527976427712627
11.90762830754069
-10.607152406587536
8.118985723489386
-11.606731876402812
-8.134662201879301
3.6604648892408638
13.01901891745144
-11.520791659185312
5.179723957926767
-15.945616208236832
-22.639100374019367
5.652599083012944
-24.841976865142094
-11.782001360345845
-27.395310546345424
15.29781766231896
37.44093376257965
15.82046294063269
-23.185580805949726
-27.22019826130071
-26.027621254072546
-31.433662946173907
-4.621164700583699
-7.145831326904091
-28.21728778675326
-9.005119598393621
12.209204267451971
-25.182501416421637
-1.485767653206194
11.372331471001058
-10.533979382664082
7.421627170756454
-25.414192275551738
11.006401408872792
8.937120783152881
-22.817980364772694
-18.495461744040927
10.160381637774853
-3.2011245245000475
-26.483172448896788
-13.01901891745144
-3.6651877285787577
13.951246914290271
-6.157896730910401
20.575003196253636
-25.487251699419527
-8.588912657001227
-4.598924851718321
-23.442157831709874
-12.171532370492182
-5.118007960647349
-4.822072597997233
4.9088203432922715
17.232716848561438
2.892269280012952
-22.522266110015803
-16.462006965482377
-6.172317826711407
-16.715493955944787
-21.774525908542888
-8.757860337719604
6.830397711173716
-11.62181370607671
3.395740164095618
-13.293731674509303
-12.543137898625561
9.994732269695534
3.8548242932379337
-20.543213575187046
-15.803978903631826
4.36575797648174
11.188684036430402
-3.887082964500336
-7.752131281768716
4.330744255134496
16.35969170161463
-4.258241544614226
-13.806768088791571
11.207988447058291
-17.379357963829733
-6.5506913367387
-7.466842354242649
10.363929877651682
-10.525547776226087
-5.403344996307207
21.01750559695631
27.595280145160583
-34.61540410610567
10.554795381656124
-19.294944583279847
9.951825357903745
11.145424377672102
5.326558189038457
40.791554680075734
-5.206348429572787
8.114249045265307
16.54522917105098
-18.432472415282643
-9.92573314128039
-11.907377285292707
12.779589951797147
-8.072262505592436
-15.578978228170843
10.6354523453475
-14.084922069439116
15.898763076275413
24.11932511274428
-4.955592366519516
-18.190859831691657
-4.7963741243986275
-20.53779096316624
-18.165779115690423
-17.014785992908887
-13.65869942275759
-21.01750559695631
26.483172448896788
10.238721955890222
-33.73001359141102
-18.483056587366402
-11.344800535938969
-10.065486115020981
-22.979847694429118
4.852840135833618
-16.03518799285733
-22.412601592012884
-8.348708738184602
5.220602572596877
6.240549277141911
4.822072597997233
11.094856091423459
-5.00673478540738
6.426400833073837
-5.895660751423193
4.725022019340144
3.6903984393405964
24.70901242901599
10.394969292503962
9.735729667715946
-4.88184547839832
5.942851347648314
-28.107615336739883
-26.239790871367514
4.274563200112223
8.448721199121637
-4.590578471922397
-5.071059868117281
13.073349582033838
-5.942851347648314
16.700015589260566
-5.702108157983329
3.7214449149240445
-4.381093812695497
3.831808391113234
-9.177846903988554
-8.489984672821931
0.9020563824097547
21.31055773134383
-5.21452765802304
6.670044067681659
-3.2808612922676765
6.931262233874797
-20.40957405136702
11.213802098215286
-20.02061412723366
-4.9088203432922715
-10.75637010812813
-10.280922399912237
-6.766592418086316
7.248691919028922
9.983946660023856
26.088791789033188
3.962535800983357
-7.4182839581000435
6.060265128894014
-29.201882613040855
-10.280922399912237
6.546942456183781
-3.877246979446999
-5.203760680506985
-4.756264914210984
-6.5706835612717045
-4.119434085326275
3.366750964776284
-10.03617929771465
5.863637828811331
5.203760680506985
-6.919191919115606
9.005119598393621
-9.132697630145719
-7.604974170190835
8.148837245175127
-9.752502316455033
-16.63735924842831
10.517212421068127
9.738320453179957
-5.00673478540738
-7.469936250533682
13.761196671720905
-6.240549277141911
8.901243973393482
-14.060916584191235
4.49830901754202
10.898086782552543
-10.49913414845533
-4.274563200112223
22.979847694429118
-3.4484744700969934
39.78593428850121
-7.336854081877092
-3.6903984393405964
11.492852299944463
10.53083888210109
-3.8442528717897027
22.64342833785885
-17.26253653137101
20.53779096316624
-16.404584972989333
-4.700887650597939
-11.27603407605371
-2.695128947608832
37.01617102027162
-3.6316023908533888
5.071059868117281
21.968994837781455
11.545607136723289
4.873812386996724
5.89885794371586
3.2801910028424794
21.853932423510585
7.501754493529139
7.651346331675824
-3.962535800983357
5.341766624005394
-7.248691919028922
8.723053771548802
-12.269458939508226
-10.399407863205516
-6.351890188522977
-14.272739400143188
6.339825693514914
-3.366750964776284
11.246880086581934
-8.936005463627383
4.1107472247661185
-16.07107671851691
-5.863637828811331
20.421459091448693
-4.140393434563858
5.372261518351841
-6.467402617754453
-10.083181313979576
6.919191919115606
5.381192771594174
-15.336530973018114
7.865827516820977
-4.161280046258139
-9.142902840997023
-6.077412254927726
-4.0457663741226035
-8.495985812445324
-4.710855864776855
10.388055979626358
9.752502316455033
-2.685992017704418
-15.82046294063269
-10.781660818005308
12.54077903107183
-5.232778451446531
10.52569061791857
-8.753342601885992
-10.483577845752828
-1.2879015769053872
-10.164064467618415
-10.74236128447126
6.9278334300605175
-7.9891114211126215
-3.878551130182313
16.453229116859227
-8.208747559713755
17.854065105652793
4.634351219171284
-7.089842091027196
11.215170802848414
28.20684109434511
11.12721452950089
6.5506913367387
-11.44870816686433
-18.411862400229946
7.466842354242649
22.60865744592481
14.639617237960488
-7.789527224817046
18.477876762805426
20.39393323574811
-2.6879163934865686
5.200244197042779
-17.060699971479885
-10.554795381656124
17.144119203658732
-16.753174067769844
11.172357033716297
-7.4796654167771495
9.300657968720037
22.559265789160328
0.5784315526889323
3.2576906369499397
25.975687644607824
6.501562495083681
-15.652475535179603
-8.284674262084826
26.232283570303043
-9.423460925427921
15.489574255246913
10.448054959865496
22.750356633573332
27.929216236130795
27.395310546345424
4.870723535097443
4.013320801916604
7.001588623783655
6.522902856860926
-2.50232053560883
24.841976865142094
44.81386262916657
-12.288845656008247
29.574635304769338
-4.858719853171578
-5.107104305193174
-15.915452432896807
-11.26823296288092
10.91065183631016
-3.459338115894201
28.10153629763517
15.275627427837208
22.098875839680165
11.651105383590254
3.9851648311366334
-6.589976860539542
25.290030194248995
22.83638470133116
-6.410898531694698
22.639100374019367
8.688655705123235
28.847480677056577
16.319527620281033
-5.76388133136037
12.458102358316868
-4.213644281193446
27.22019826130071
7.802846151959868
5.21452765802304
10.620670481667421
25.182501416421637
23.185580805949726
21.791400323807377
25.414192275551738
26.5397946420292
24.724238328210152
24.211034825188854
4.1420997776235104
-4.790325672862758
13.967495937466445
10.475420137091247
20.543213575187046
-18.421694739584538
23.442157831709874
13.499539996903517
-16.941612750081728
22.522266110015803
-10.041749520499515
12.753992189135731
12.620988925777105
23.363442212673434
25.415841795536686
9.410898538326405
20.51633014447373
-34.597213067991014
21.08598685299553
8.798720492054903
-16.699552207950035
16.728693939337926
2.7954348294213816
15.80487374491609
-20.821810831996522
12.004574758990225
4.373664702577402
-4.3014410012147515
7.435337241110636
-4.580951292800374
-4.823010472167006
-4.897688670914892
-5.921633138811312
-14.368137535989408
24.273102927672753
-21.117195922241745
7.2020539091129585
-16.700015589260566
-4.568804018520014
-14.863674317040475
-12.541409133135312
-5.37675379069212
30.35732555180988
-19.982702555346997
4.621164700583699
-4.667137450236558
11.457369928005718
-14.115715378392142
18.495326312107768
4.161280046258139
-17.619329725173063
8.180698484536865
-14.256672408583107
-15.055869617533354
-10.982880615260925
-20.536281017156316
31.751225967114607
-3.998494005499044
-18.81842834820763
8.288754158400367
-12.347287080140333
-3.748834600376783
-7.069722456186752
-19.032909176940628
-13.374310248887092
-15.246064503457916
19.50972436685528
-16.239895949586572
-14.583380146762163
11.26823296288092
-4.935814334220745
-14.652530138393583
4.82338734802881
6.547418344637298
20.605734663858765
5.939732083262497
-16.609649161124615
13.199490287141092
7.988285784940637
-3.4333386579840517
7.4796654167771495
-16.65235268014762
-7.937982822455344
-10.53083888210109
-14.206000170647687
18.334722191697665
-21.356380253991194
-2.7954348294213816
-18.22687285158247
-14.512513637801563
9.011702849176574
-13.296384911148769
9.686639956016775
-4.49830901754202
-20.21641250116819
11.243559851306172
-18.754121070292168
-10.993249125945939
18.495461744040927
-9.410898538326405
18.22687285158247
16.63735924842831
-4.937026604581091
9.433357475788544
20.21641250116819
12.537832743959438
7.065910809784184
16.270421649200244
10.621905501351977
18.754121070292168
5.958541503168544
16.652850608157763
12.541409133135312
-10.819804153113191
14.284820361353802
-9.87681504598865
5.934694355412535
-6.411849806780457
22.276839580783385
-5.258792124965858
19.71291069808729
-9.858064666088746
15.168568244599166
-5.780397894562662
6.131969920472273
-39.14696077795804
11.544878595352085
-4.30304999966042
-18.107730827631062
-9.449448261409815
-4.5253053070833245
7.166589088709776
-3.7703785604348545
22.817980364772694
24.35740128059725
10.093671497811327
19.88844043628881
-9.507555845096476
14.368137535989408
37.2405881092544
-25.841167091843225
20.514479672918707
19.032909176940628
19.371075515441085
-18.243370115814464
-2.936977606714391
18.81842834820763
16.699552207950035
10.933816456238674
-19.092470069764424
-13.13887780758115
5.239357327462175
12.505826966286811
-12.54544578734143
-2.1539477977337143
-6.025792029467737
-5.850201363471017
13.422302889598937
-12.403342536808557
-14.800445275513084
11.520791659185312
-5.135489707354547
-6.217207005280723
13.823140847388817
22.245106521434426
-10.041749520499515
-7.229718833275066
-10.013667611310458
-10.160381637774853
-13.422302889598937
13.104816238911681
-3.320463961222508
7.145831326904091
-13.199490287141092
16.7252512121993
-11.855140349383689
12.838665050458907
16.493332010925876
4.777288134186669
-11.017403369839016
2.7781771788262324
-15.006156682159261
-5.7017144087259055
10.561749616494463
-6.460551152652678
15.925458984454686
-6.829948304967352
19.910028804620627
11.263025834430326
-6.000179984914002
5.378786424988582
1.859841061315766
-10.557553270739554
11.907377285292707
13.043464296102945
-5.233893790864928
-7.4182839581000435
-12.487917905910717
18.745340585476427
10.14095897204408
7.4896257869189125
-8.774029150468596
18.421694739584538
-4.51896464416345
-13.406726002828627
14.619798814943177
6.24481064420287
-9.668923961386481
-11.492852299944463
-12.308117161391532
9.729861464807616
-13.231929036667603
10.557553270739554
7.313253401224135
-10.448054959865496
18.411862400229946
-14.284820361353802
4.764486079774677
-2.153403431655163
11.762411791525547
-4.877106991577184
5.748196550386576
4.51313662399658
-27.03081177411661
-10.933816456238674
-34.1855696325393
-7.503882084953912
-11.164509209374767
-5.775367068567046
6.052639098587706
8.08934253785654
-10.197516110941958
-6.060318657254717
-6.838840384635815
2.7474682193568714
-10.555502617635891
6.1915842666372205
-4.425423247668532
8.835333466712472
-6.4102891740439825
9.001129444963837
-6.060265128894014
-4.764486079774677
4.580951292800374
-4.8450851612844605
-5.939732083262497
26.912076230205333
4.930806522877715
-9.777631538374958
-6.1915842666372205
9.449448261409815
-4.622512517888685
6.414082615821512
-8.835333466712472
11.164509209374767
-9.126184285771034
11.470630986075793
3.887082964500336
12.531536558749401
-12.861528447877893
-20.964123958264263
-21.730365717969498
6.4102891740439825
9.476094881369994
10.702181793433532
32.374783925860164
11.855140349383689
15.336530973018114
4.697603461317209
-5.4654841169354995
10.380046387272126
-8.180085022498785
5.547256852790508
13.218251981754484
-5.179723957926767
9.011702849176574
12.276586747286187
-10.561749616494463
11.263025834430326
-9.983946660023856
8.944812603223523
12.532989117529807
-2.9260876097878645
8.99813710412681
12.888731419258114
10.982880615260925
13.62062382980116
14.428866069797586
13.593067964266151
-12.747084328204183
2.9027976835442404
13.345099938002743
12.54544578734143
4.354869795540052
-33.56837526059525
25.62270299835677
-4.634351219171284
10.555502617635891
3.19487134178056
-8.171818774928866
-8.977599371014302
5.533091164144791
7.1945923877034845
-8.99813710412681
13.378670686758515
-19.21297875480953
-6.512319829381401
0.7619510919347718
6.545484492025307
11.868878571547304
-6.62421339383816
-4.150595122998694
10.164064467618415
5.583437096688818
3.8223377734707573
3.710511140457984
5.403189749234171
6.190906784921814
-7.238107007923046
-9.476094881369994
-6.947912521094962
-6.374153443876008
16.282322843127904
-7.346877121090299
-5.430433669097537
-4.889036428990277
2.3743563214808097
-8.068100134546006
-10.383660350785867
-9.80879278255716
-8.64412989360498
-3.9074286884794738
-8.500118823285234
11.782001360345845
-9.143814906414791
3.2503018762084666
-7.23821719011166
5.737595397053645
6.602609254760941
5.970046141437918
12.696227285532073
-10.614564915382113
-4.384416547733711
6.525414570318432
4.889036428990277
6.204649406510794
-11.466104233971635
-3.6452473347037815
-4.0569225644891524
-3.6959973183618255
-9.796412975336862
0.8145517584329248
-5.958541503168544
5.630580536869396
-5.71179270683435
-7.845615506628285
5.562979031526895
3.8734700884433937
8.708300045779463
20.52639590049237
-5.689620785957162
-12.420444236143409
11.056143200833352
-7.189646438042358
6.210435198664297
4.681979088277148
7.295607268095948
5.6589177893480445
-10.702181793433532
-6.339825693514914
13.308030541392545
-20.054770653491556
-6.638335129972199
-16.475040851837612
13.302402611650592
-2.97312206473055
-5.859820233867108
-3.2503018762084666
-4.6544244636824095
28.14968187249159
13.408581298774374
-10.04588371040211
10.347743138792321
3.549099968949165
-6.602609254760941
4.590578471922397
2.9388490946201444
-12.373651337491507
-5.365833145552624
5.844599109620645
-8.238801709676236
-6.204649406510794
-6.3521711789833475
4.576835401767473
-3.278820649437572
-38.40420083555625
-4.44667866712474
-16.054870806469545
-0.8145517584329248
-3.8548242932379337
-5.168718926109382
-22.56189087738339
-5.562979031526895
-10.572498767955093
-5.689620785957162
-6.975832495858615
-5.409058623158325
11.647527118147915
-12.976291332652123
-3.8734700884433937
-5.6589177893480445
-5.583437096688818
-5.7122533600709495
1.6689521374260006
-5.895660751423193
16.25634986321954
-4.822698560673164
7.386801821738431
-4.589132118812702
-7.171165891953194
-4.330744255134496
-4.697603461317209
-2.4643260522787296
22.639242357486864
-8.143053557467724
17.227072728445748
7.539351251384398
-6.277601250617199
11.314664274025132
-4.839812917968104
5.015755414223273
8.774029150468596
-6.670044067681659
10.58134276836976
9.142902840997023
-12.696227285532073
-5.943674628270445
17.99124197830615
6.755944335097777
5.27050345221475
4.630252865805412
-7.4617689106718155
30.469054189628764
-4.790325672862758
-5.243922343546386
-7.172585138913763
4.401845209223757
-11.666937466118705
-3.710511140457984
21.062758484934793
18.134109121154488
-8.310313975395504
-5.239357327462175
8.068100134546006
7.346877121090299
3.821615877759379
-4.470028399743807
6.493139167713721
-5.378786424988582
9.151460644577744
10.70944801032252
5.834340514103792
10.521542432002134
-3.8751528686160452
9.063933714361847
10.383660350785867
3.2429195557289763
-6.172317826711407
12.088668726769216
-11.145424377672102
-11.12721452950089
9.126184285771034
10.107088163961198
-17.905282253485083
-2.207977596779548
8.038707008915184
1.7987410831382722
39.03987158014814
-11.664840856039454
-13.816589794927147
6.007344997090336
-8.295160346387709
-12.293137531971944
-8.231380540708226
-10.701501364452866
2.3608815933545273
4.119434085326275
-21.128809837503987
-3.5537934487396314
8.682732220335227
4.88184547839832
-3.977130515081466
28.66511390327344
11.62181370607671
4.18430862111763
-7.180861765083562
-5.602194321246273
19.905976223260645
-10.674745786142209
-10.374553352107085
14.38155919810773
3.4133082015648952
-4.068302410222409
-4.527087960029927
5.120213942218861
-7.031183289965216
-24.270956383011814
22.570776872437243
-4.7963741243986275
4.436765467685061
-13.326315434313532
-6.415381713388672
-12.383613476057375
-7.457684460806335
-11.230727884533653
-3.5537934487396314
-14.588630955958756
10.115094832307813
-2.8543984406373575
-8.723053771548802
-1.566587363986868
-3.4133082015648952
-5.120213942218861
6.465813420190955
7.555205363858527
-2.68859790879376
-9.963091950549513
-5.403344996307207
-5.168718926109382
-6.279454937308595
4.919156802844978
-6.190906784921814
7.238107007923046
-4.436765467685061
-33.47540096819871
-4.081983663331975
8.143053557467724
8.226049757734522
6.415381713388672
-7.276385645672885
-3.0758265783091567
16.58741424485264
-3.9287054141813904
-6.007344997090336
-16.45942523032476
-4.708142617553531
-5.780397894562662
8.830727627844531
4.381093812695497
16.014014314943886
-20.1685776753381
7.650392263781948
30.965025893674415
-5.844599109620645
11.95641351112734
7.7532401757347955
-3.8577734191384896
10.701501364452866
7.5328332663954525
9.160108187720466
20.193303291636173
9.89512631908566
11.274117337718186
20.908948055550713
12.668222355606138
-10.544588361902242
-15.275627427837208
5.1774860082803
-9.433357475788544
-5.086470320293108
3.1809073617178294
34.39288688470979
7.405413686875521
-5.465105809839862
-18.050413739802647
-8.79243747514137
-4.013984758238729
-15.65944400106118
35.24566172550407
8.310313975395504
5.7017144087259055
6.914719230331697
12.703599226350608
-17.122177583600376
-37.7823696174965
-13.806570586311224
-18.710130604447006
-21.40887818420761
-10.819376928167182
-12.537832743959438
15.65944400106118
7.9919989723552565
-15.370726079386296
19.80615131448144
14.357608484418586
-8.462277976119802
20.75085111484923
-4.302259516595156
-35.95682982390552
19.90481019950951
14.533513968501195
9.8914914332988
10.544588361902242
10.572498767955093
13.505904597527238
2.207977596779548
-8.708300045779463
12.492256882403218
17.94093788399029
-6.197618905540222
6.053233653907365
8.79243747514137
-5.086470320293108
20.525852415370725
-37.48395564929356
-5.311539516702052
-4.288295230845248
3.4965269688450196
-7.5247958784913305
-4.664996228663089
-9.300657968720037
17.27307614115696
8.706880225631506
-8.439646395552483
6.420972245432959
21.40887818420761
-8.730052274536114
-9.20837271994447
22.32433134481095
16.4695727730677
20.480995359209366
15.48363336697328
22.799122862552103
-18.210248588572814
-6.140193251385086
21.32097802776505
23.33810775517035
19.646931031665837
19.9305796546847
21.53187976937843
-5.770232755476332
5.163513308689331
5.826286926794755
-23.013265609467584
3.3736527158603193
9.669489207165748
9.833506964956886
-4.354869795540052
10.252819272418252
20.210805400469276
35.63832173803626
-27.283078065318417
2.132100455360422
-9.389934156714698
7.402576988083523
-6.608513407148674
6.001272097936414
-2.132100455360422
-5.792496639425676
-13.233425170700725
11.38627006113025
13.90084495877718
-16.43741120451865
-8.147576799930144
-6.436244642216585
6.595281096579717
3.831860695515602
-5.065265195723646
-7.651346331675824
-21.791400323807377
43.71454572771267
40.25089315907734
11.714415132268195
-7.470099307719701
13.008825111946877
7.866191155746188
-7.407911903746929
-9.063933714361847
6.408387137396648
-7.955988738945499
10.043203631865206
-10.780251137886342
-10.161745683599099
-4.447727806685538
-11.555888363352352
-13.947475275932192
8.517155398113953
7.470099307719701
6.374153443876008
-16.261146931328348
-10.253963445278176
-18.09908849032959
-5.065265195723646
21.69842746339939
2.514039521622166
-4.873812386996724
-14.647240960501817
4.667137450236558
-6.411849806780457
10.401765234474478
9.777631538374958
11.555888363352352
38.62496331629744
7.955988738945499
44.79974564149462
3.8718860588168953
4.436844231136404
-4.842899471695535
9.143814906414791
-4.591152763427711
9.825594814551224
-3.3884501463359085
8.315730952352007
-8.45470912863201
-4.751527841482588
39.018964891818044
6.484812477173096
-24.174881804243423
2.4818176412543806
-9.27188538235751
7.376041934967251
-8.315557417800996
-7.469936250533682
-14.839602478035589
-2.651390529404015
10.129436766834852
-11.709982411064253
6.3401255755497825
-5.163513308689331
-2.842877267132227
14.857794609828797
16.390187400049584
9.389934156714698
-3.3736527158603193
-5.504722955726195
-5.521994638034445
12.706481699817235
-5.4184746788134355
-2.621149307235286
28.381172493410514
-3.4965269688450196
6.608513407148674
-3.6604648892408638
8.147576799930144
23.929458276497535
-5.810322692174194
-3.4403485287180735
-6.595281096579717
6.512319829381401
5.488157885156023
12.674011794334252
13.06529454647218
10.674745786142209
13.157366836878355
-3.885039106884703
12.976291332652123
9.600836185409742
-7.086929563231346
11.133484436176587
6.549254807023788
-6.211109166825354
9.862221592425941
13.497390519357772
-2.9027976835442404
5.794257793711922
9.092366128989136
11.433147311965191
8.935874717086582
4.526295196258821
44.83780466805234
5.0769730306367125
5.2784016224869985
11.735114789160118
10.993249125945939
15.515375557774806
10.563400730632912
12.606899939040861
8.439646395552483
-3.7670214414235783
21.224191975907154
8.801856303873446
11.709982411064253
10.898730585583115
-19.008342105505392
36.06615877827164
6.26676596253242
-25.13787127374345
-5.233049376237187
-4.425423247668532
-4.976549665959357
-4.702892180174192
6.542640034099158
34.904753775736175
-7.1958366587349
6.049618181216317
4.984578533537228
10.464065610380588
4.035797589692882
5.71179270683435
-20.946210924350634
5.859820233867108
-9.233159396353539
-2.7474682193568714
-5.381192771594174
6.351890188522977
-17.030820774013332
23.45171887378941
-6.542640034099158
-4.353701646842513
-4.984578533537228
13.241378994846768
7.6698983582392
-3.4831236695496726
5.536672781866197
-6.052639098587706
-9.205463216979899
-5.0042585236469925
-6.26676596253242
-9.092366128989136
11.498429956421575
-7.329589551084444
6.474227858862717
6.065008355520791
-6.816142847370239
-6.914719230331697
-11.160570278557465
-13.857004339753425
11.849913316533263
-4.264608928157404
-3.835330872869843
2.621149307235286
-5.1837544525992545
-19.9305796546847
-7.474954243882359
-13.606098691309313
-10.9300485280025
12.291916814951138
12.339542178140796
19.817948946183094
9.874614057419787
-9.647805974567516
9.102531209395297
10.253963445278176
5.8272365825734065
3.8477348588851132
7.8719247961383445
6.436244642216585
14.910417035128575
6.429067545699801
-5.085211816321105
4.980151464978071
5.181660933507216
-7.86105072846564
7.089842091027196
8.215401753642611
-8.65842125990197
-11.640024893426297
-3.1809073617178294
-9.497153012735023
-14.25282927526424
9.391466978802526
14.768509390615211
-4.035797589692882
4.77704222376222
-17.753514892748125
6.017827173303646
-9.859563285318664
8.027457539563533
5.76388133136037
7.3593553972058725
-3.3876606366473525
6.254408370521501
4.386432363009492
12.151248984487282
4.116455851736269
-7.393298342658489
5.4169118099352325
-3.6064830543058655
5.024477246071998
-5.353140830826302
5.997867229793243
-6.429067545699801
7.367996593947941
4.680972266197278
-8.009284183639611
-6.017827173303646
-6.254408370521501
-4.780555970567163
11.25466626241275
-18.37388197905491
-5.983261908278926
-11.274117337718186
7.604974170190835
-4.116455851736269
22.098716851321218
-5.4169118099352325
-5.794257793711922
12.169597021179241
5.797829925199815
19.397502288973133
17.96907755197039
-4.013320801916604
-6.620916890420684
-5.997867229793243
-4.777288134186669
0.5014884001829536
-17.757736548050037
-4.680972266197278
6.625422257918429
18.176776453944512
-6.065008355520791
11.308138877257543
10.541696519404201
-7.8719247961383445
-9.369425434797154
-4.576835401767473
8.25817388341901
-4.980151464978071
-4.36575797648174
4.877106991577184
-5.292941684271456
-13.826666145639711
1.485767653206194
15.370726079386296
9.497153012735023
10.611844733722178
18.99298683690495
-5.181660933507216
-8.215401753642611
34.528084354788504
31.28808436524813
5.841457062929484
33.701552359004744
34.90105072794595
14.333406028992854
20.668434705648785
24.176548527642677
-10.70135933232517
15.299699536165065
7.943181045888197
28.981125850356097
27.366318395755886
9.859563285318664
-10.093286140180556
22.46691334371462
-7.420621092172739
12.270033558178056
20.474635050174488
-10.611844733722178
-9.484776801466674
11.317269974103215
22.869955922253947
-11.614058640354894
10.871264768353692
13.15766596230467
-25.24337215221976
-13.426778024488355
5.8156549557689035
-20.444790233983053
-14.728780811122917
-1.8808882833671732
-5.38937097686174
-2.4805075313028517
7.922648440223359
-5.706875263537466
-13.7649831582422
-11.895466110838559
6.07054314675288
-13.510282324587205
-6.159345962835674
-7.386801821738431
2.9703986848540453
7.845615506628285
5.201275948045954
-4.924661658293209
-20.22590339170715
-8.62070646526866
-8.5443227031454
29.001950596256794
3.8467821946145775
-19.90809267917564
12.373651337491507
-3.9083996102312355
29.333774177490415
18.107730827631062
-6.4494520353455185
-8.280596110036377
-6.11607249667361
10.781660818005308
-8.389237917229423
-9.063746706202902
4.70168209213651
-8.85635896636658
8.5443227031454
8.62070646526866
5.860608228239798
4.924661658293209
-4.702087320970893
5.232778451446531
8.389237917229423
-3.9083996102312355
8.280596110036377
6.4494520353455185
10.181575560667328
-6.74696455071594
-5.783898946638491
-11.207988447058291
-6.246569041123021
7.329589551084444
7.229718833275066
-4.686164472029677
-4.401845209223757
6.11607249667361
6.547878704793977
6.344162397316463
9.063746706202902
-31.64090556886065
9.484776801466674
-8.25817388341901
13.426778024488355
16.019437594580474
11.614058640354894
14.728780811122917
34.43153001288528
15.786274269173548
19.81081608074407
9.292725252523065
34.26154930414078
-6.75334506620505
-9.129161879882847
11.895466110838559
14.351789765147974
-22.747371398370003
12.490004420585949
8.116808042731478
13.7649831582422
22.595881580734275
19.008342105505392
-6.547878704793977
28.69730451841654
34.93181769259562
29.42278455683074
-4.111827591915207
-7.930168118426233
33.90967527860879
23.894035821634844
15.128680663017944
-13.421665255007591
13.606098691309313
4.297700908738703
29.493507724498865
34.64778667756178
6.732782334819866
-5.18738965514537
-12.753992189135731
-15.696336870240946
29.811103031371022
10.856029736489921
16.85778334896312
8.553148349035348
-19.230728474181937
-13.779732708434151
12.230488466097174
7.479031575343611
-4.506044874134537
3.7959899717154246
6.677695028006985
-14.88747222521122
-19.910028804620627
-11.417268593977198
18.15007613837875
5.206348429572787
-10.347743138792321
-7.501754493529139
-6.493139167713721
4.839812917968104
-5.916396616679773
-6.553149744167372
26.457167042270182
7.42852670257703
-19.031225577974684
-7.718822669618817
-8.08934253785654
-8.676393335698462
-22.282963344277896
16.07527096150956
-6.107287873998597
19.748940011394946
-11.470630986075793
-19.371075515441085
20.649386683158422
18.522504278423984
-2.994780655968419
16.06949727527408
9.95403676477684
13.779732708434151
12.085949468226552
4.519716215206276
11.417268593977198
-1.2097443301375677
-7.479031575343611
10.485566312115168
-8.044748027360088
13.415107696451349
-24.211034825188854
-17.60185557026134
18.855542751955362
-4.638807744481914
-18.130107173446707
17.690968364982044
31.799551354912683
-18.31541867216041
-16.231201178254334
17.757736548050037
-15.86184356337595
-12.13743312414554
-5.223774071331624
-12.439026332840625
-1.8279033973762848
-12.54077903107183
-11.237914758879871
18.653416824523443
-8.315730952352007
-9.825594814551224
-10.009007957845016
-9.676026054898735
-10.365188186717877
-6.931262233874797
-9.005194911715174
-19.91640324162488
16.143860871358058
10.22521100229113
-4.350393149459121
-6.378107932203464
23.282818421131342
-5.223774071331624
-26.453483757552288
-37.89803141730547
16.231201178254334
14.350192180460143
-8.195483175341597
-4.630252865805412
-14.733369305944503
5.090326597409837
12.487917905910717
43.52494913703423
12.439026332840625
19.230728474181937
12.13743312414554
-25.791431166043452
11.237914758879871
10.009007957845016
9.676026054898735
9.360632684596096
-4.417861007144634
6.378107932203464
6.999392879542032
-18.282947789537474
6.80473006589916
-16.353524793278783
10.492724828415897
-16.4695727730677
14.733369305944503
-18.176776453944512
-13.073349582033838
-14.212194034925533
-3.831860695515602
-3.4403485287180735
-13.11221575170173
-7.012398927097988
-12.943530291284409
-9.001129444963837
8.996084990743316
11.791423142251338
-29.493507724498865
-8.864368672039223
-21.062758484934793
6.127665273894553
4.737672420372631
-9.673056000481306
-7.714191049585179
-22.639242357486864
24.66186163780348
-5.090326597409837
-5.678209957830603
23.011444001889995
-4.7480260078745
-11.172713723314912
-3.8750879227215886
20.875890113801365
-5.48470395216388
6.158314996068911
18.378546919725267
-10.499053210607778
-22.799122862552103
-7.4896257869189125
-5.084952892434666
-7.7356305609833775
16.353524793278783
14.212194034925533
21.96011117015892
13.954889472403257
11.72220704403479
-9.812267603642507
-6.519995974817046
11.186613067858778
9.423460925427921
14.339693527474987
-6.097400024379945
9.132697630145719
4.231234706342834
5.678209957830603
-14.639617237960488
11.466104233971635
-17.498565156807196
-6.175037540912126
-13.345099938002743
-13.68037065503882
-10.939820044306185
-4.681979088277148
-15.076452034596366
-4.94765096035027
-13.308030541392545
-5.737595397053645
-6.474227858862717
-9.881590109167215
12.533729157656625
-8.406371263099075
-10.958739108087235
-12.531536558749401
-2.741451514468925
6.159345962835674
-7.19557798695432
-6.344858956660155
-3.2576906369499397
-11.769042259748474
-8.399112993212917
5.274118781517493
6.246569041123021
-6.1314512217722
-1.6689521374260006
15.013906983432442
10.916860028402887
-17.364509997253027
10.614564915382113
-14.785742262533363
15.076452034596366
17.360691809140242
10.374553352107085
-6.426400833073837
-12.958562717073846
10.851174971722033
-13.27455129268795
-15.605645652311702
9.177846903988554
7.19557798695432
-10.685087915317585
9.795104527234061
9.526135365513884
8.399112993212917
7.245059977727229
6.1314512217722
5.135489707354547
4.111827591915207
3.0758265783091567
-3.2817688232573956
27.978078718513448
-1.7987410831382722
-15.505564528060006
-25.456960980854458
-1.1104687131529078
-9.737046871517085
-7.615177460547451
-21.1284835303811
-6.70182245186783
-7.535817759196295
6.513404175022597
-6.420972245432959
7.443200909701933
-5.797829925199815
-5.934694355412535
-7.313253401224135
10.852184481130582
-5.200244197042779
10.04011923496892
-4.322912233922783
-4.174338784677123
44.199232591400104
-8.038707008915184
-14.613289676831178
-11.106651783591884
8.711235955456731
-10.810388278131079
10.253275328995818
8.588912657001227
9.812267603642507
9.777617425837114
9.449475853439527
7.615177460547451
7.535817759196295
-22.54007790144471
-8.963448258674065
7.871237222134626
33.97780249834747
7.4617689106718155
-34.58085401822838
9.945427335471088
-4.3811023346586815
4.322912233922783
-4.579527819403037
6.460551152652678
-8.747671813998926
5.1360896723178975
-16.54522917105098
-9.89512631908566
-10.269451841466747
-11.056143200833352
-12.282651986983051
-14.454433641696257
9.863679882227999
-10.600320204675471
4.527087960029927
2.9888821792173697
-12.786875163521925
14.1353952237812
-18.77837010182322
-11.131895745567762
-3.9643860422230466
-16.078349475847496
11.020182334409123
20.732775019870594
9.720027543609987
-10.916860028402887
-19.344537532744784
-16.82753986199998
-10.921339155745772
-13.051595050703778
17.815210845222236
-16.880777069055863
-5.015123414315948
-22.42973135231182
9.96777699655601
4.42081068849849
-27.904360100117007
13.779897968540546
15.900058601926373
11.163378436910081
3.7764468376230402
10.9300485280025
7.5280594457979575
10.399407863205516
-5.749043887420502
12.786875163521925
15.505564528060006
19.91640324162488
37.593570718833355
34.194030101592716
17.26253653137101
9.199573306543844
16.078349475847496
4.780555970567163
16.82753986199998
7.937982822455344
13.051595050703778
31.07305123284741
-22.52259554994765
-21.32097802776505
-19.646931031665837
17.64841347765009
-20.068297652370223
-21.53187976937843
25.247968411494305
-17.207347732821965
-7.439222844341989
-22.83638470133116
5.810322692174194
3.3589395104064153
6.197618905540222
-4.2668265857094445
-8.877410220422515
-18.902045435228455
-19.087268908201114
26.80309004389625
20.633795552673902
-14.1353952237812
-13.535441805475429
-8.901243973393482
-13.157366836878355
-6.63101359105206
-8.013566489097512
-14.881514702046118
-9.029625583607382
-22.570776872437243
14.369664942218927
22.56189087738339
19.087268908201114
7.06611944390484
5.214574773999572
15.387393733891082
15.734680673555346
11.000215381231252
16.555405144677284
5.9941122852261985
21.403029972522674
-6.686514242280278
18.27169952900865
11.906503985651725
15.652475535179603
9.029625583607382
6.63101359105206
11.44870816686433
-9.642555337108337
4.302259516595156
7.457684460806335
-9.157517296960007
1.8865881591761384
-2.479043351078664
-2.629544244027661
3.877246979446999
2.0155736041293832
-12.465971711295031
-3.7959899717154246
5.130358205375258
-9.569421610692341
10.70135933232517
-13.738778772897255
-7.402217201898124
-7.0395445606651945
-5.372261518351841
-2.350708052256016
2.350708052256016
-7.293779224643452
20.349081788329425
-5.214574773999572
4.748207762904532
4.664996228663089
-13.45574528441253
19.235545413603624
8.576795435121198
-4.231234706342834
-10.824254449190333
5.793974686496041
5.107104305193174
-1.8865881591761384
-5.703056773514272
1.8808882833671732
-0.5784315526889323
22.176743332984717
-4.133525494458183
-8.83526003173094
3.278820649437572
2.479043351078664
3.748834600376783
2.629544244027661
3.320463961222508
13.27455129268795
-24.892359602215862
5.38937097686174
-11.835618637552626
-5.038751863066134
3.6316023908533888
8.238801709676236
-5.220602572596877
30.63616760673849
5.198956020775527
12.028209042310094
-15.680974202211338
-18.478052021057966
-8.344208914894095
7.936230189184161
-1.8067574740435837
-6.545484492025307
-17.34545971824234
6.253852101247279
15.588152238753402
-13.06529454647218
-4.5253053070833245
-10.898730585583115
-10.394969292503962
-13.165086347840605
6.816142847370239
9.889544153023854
5.690242876376045
-5.8156549557689035
9.300189413441565
-19.696143463214575
4.395810978054762
-4.233444871470148
-10.685018116248136
-9.686639956016775
18.979959405774995
9.199987718607531
-0.6256900853939698
-7.06611944390484
8.344208914894095
18.0065127825425
1.8067574740435837
15.498051442984101
-19.554667373027996
-18.30924526799603
-17.872986777490173
11.174535606655208
7.578285973224828
-3.8845280216649165
-13.870611949035766
-9.120152061469787
-12.956124292617027
6.662751703764223
6.523215573661099
-31.471217520160778
3.3876606366473525
35.86345706122945
38.55584933333538
-9.720027543609987
14.319211790997954
10.411054403352278
11.309607832567998
14.564258726167825
38.043496883691724
16.42627503097814
42.309634382794506
-4.1420997776235104
2.1203692534614116
-11.647527118147915
16.37664766304991
-27.11401990272985
6.107914953414406
-7.442372157448638
-19.906763029628028
6.294518185339204
-11.945937498284394
22.120605385687398
7.4948556840804805
-9.475568698635064
4.2668265857094445
6.2522959964624
10.2836290913597
14.689334855648207
0.3404461867430122
-4.70168209213651
-22.876429101599342
-5.323706912317046
-11.198620981389823
-15.29781766231896
8.072262505592436
-19.706197357096062
-12.505826966286811
-10.376364771419576
-6.344162397316463
-9.729861464807616
-9.300506143186789
-6.547418344637298
-9.863679882227999
-5.699522670655387
-4.82338734802881
-7.578285973224828
5.292941684271456
-7.1945923877034845
-24.096461013187596
-3.9851648311366334
-19.817948946183094
-14.605321020399284
-17.06926032732644
-26.091137786822955
33.65167358204262
31.125416063589242
7.239147645381502
9.522579210578309
28.606616578618592
6.599023834783093
-4.3383469356417335
-19.36498521389645
-14.426140636705636
9.542400941337057
-12.533729157656625
-31.240844247697915
-10.58134276836976
-3.826330448706785
8.356960965487374
-6.465813420190955
-6.59506210342521
2.936977606714391
-6.1320442586822885
-10.401765234474478
-8.937120783152881
-4.364249942358257
-12.169597021179241
4.8118428723714235
-4.649735572682562
-11.439679984261439
-11.38627006113025
-6.07054314675288
-7.970249364845824
-17.362048042202147
-13.228054123841533
-11.317269974103215
-7.245059977727229
-10.239362945315444
7.904446783178539
13.816589794927147
4.364249942358257
6.344858956660155
11.439679984261439
13.641676435343806
-1.2856209748170464
-6.28956971630603
25.37465572050056
-9.450583401000985
5.749043887420502
-7.792566753341369
7.189646438042358
-18.764819588610447
-4.818120472753666
-10.595961082756606
6.510485325301247
12.958562717073846
6.067461318443696
16.45942523032476
-12.913941510515658
20.18692735294609
-1.8279033973762848
20.031857698809173
25.060277190728712
14.115575979999873
-10.380262193691435
-14.647162500222867
10.819804153113191
-2.7781771788262324
7.335284297907503
21.942157608515135
24.937927919179657
26.487195500337158
5.395907215232005
27.09850093779542
21.233136864022867
5.770232755476332
25.213957004977907
35.06497406191507
10.376364771419576
26.6735014067989
-8.560960986800902
-16.645405190216398
5.641365473333217
8.044748027360088
13.324325954623042
-21.401783520103088
-12.600529494139451
-9.395252842676049
8.290645851891032
18.2188552147011
27.697127782770444
-20.065271563212065
33.542550415970304
34.91193805684383
29.651346373447073
39.76664963213096
-7.4356356928368985
35.178469637303834
8.306976286648295
-8.910600804789945
-24.116246601714224
-36.13785331717387
32.905846553390155
-24.025976315512636
10.03617929771465
43.313775023395195
41.12101784157583
39.962609912638115
6.299854722419855
43.78778367430546
40.016645596234056
42.11908448988819
8.730052274536114
40.63359143626475
2.59929251511506
-18.72224034547319
8.841236489313061
-3.8289991485056065
-7.116391931320425
25.809879113472995
-24.171644516520992
-2.8305845021871896
-5.649938413969689
-14.684742001191122
-10.572465624811116
17.863327808288556
-12.219115986856398
-38.38450002293762
-13.951246914290271
15.970172013712927
-15.366092822590831
7.805947966430885
-21.079151413679007
-32.736166994697086
-13.883112990121715
2.9752394981866996
-11.006562476151306
3.5746931786139546
-2.427053661174957
-5.326558189038457
6.410898531694698
3.9797680175888788
-4.5688865650048704
3.97958254918381
4.638807744481914
9.49852703340244
-23.816492573681824
13.343959864573016
17.72624666241936
17.784031140356838
25.021425154161236
23.61977758412034
27.566664601666762
-3.8477348588851132
22.20511848014517
11.261729636235765
-8.334922944768945
3.885039106884703
6.8281293660319555
-4.654361237547277
17.529426013916744
33.544176501714624
23.37155545436349
7.972327328405608
-24.556978215914242
16.87742345815763
4.1499635078227755
-5.036421066104413
3.5333380705931106
-7.119673270036653
-4.737672420372631
4.579527819403037
18.962067092051157
5.704750981332273
-40.15329077360687
28.332553532034783
-37.2405881092544
-5.795291935522242
-6.386588885035219
-14.54187804055918
-25.084239765881986
-26.227176404827635
-14.24086276144097
-17.503420410629474
-26.526453860107992
-5.274118781517493
-18.855542751955362
-8.036689945554587
-2.9752394981866996
-3.5746931786139546
-6.846380438533608
-8.190857586549516
6.1252211650941035
3.878551130182313
7.903146176934923
11.154165549295236
10.45964298897637
6.2480819552365
-5.954945446800643
14.543056449074228
11.27603407605371
-4.870723535097443
16.752252940752562
19.625969133170504
-4.041983891452336
-3.071455198258271
20.78090438739363
-7.001588623783655
22.49008794237273
-7.6066521902775435
18.19399794963906
-3.8180227633363955
21.693804350696375
-2.612692023463682
-8.317256880706498
20.741510676855782
18.478052021057966
-9.393175202843828
18.764819588610447
-12.784051992645125
-5.341766624005394
21.922576174917307
-6.1873945140917606
-11.548409625093653
17.624426215403844
-7.599914753907664
19.17752135442029
2.0417272503625106
-6.5706835612717045
8.684135035477352
-4.3919994817002035
-2.0417272503625106
-4.150595122998694
10.497712425239264
3.8987564563180084
-2.84337013022245
-5.022600141483711
-6.253852101247279
9.11071259873046
-13.407630364504891
-2.71714153723995
-6.662751703764223
-10.023543542277293
-6.746753908659486
-19.625969133170504
-26.486558444599453
-20.78090438739363
-28.992214754073522
-5.850201363471017
-23.249530726382606
-20.741510676855782
-23.995978158602778
-12.282628968721765
-27.196858579002864
7.763629410060879
-5.542626541761116
4.565421813759594
4.668978709592813
-23.788877275124612
-24.816867429369726
-4.668978709592813
-21.693804350696375
-17.624426215403844
-19.830218607243673
-19.221147945520542
11.990623901736965
-13.902223412899813
-11.045554806913248
7.2969290479700595
-3.4150292891182286
-6.1252211650941035
5.52772585706658
-6.2480819552365
-1.914122946368545
-6.067461318443696
12.269458939508226
-9.391466978802526
-10.411054403352278
7.320388310629022
4.568804018520014
-15.100079295756505
-16.37664766304991
-11.175351576701091
-13.053415232459535
4.821009509330118
3.905298353571453
8.214293449077358
-3.9847319110161
10.380262193691435
9.434513238286845
8.522884390775868
27.286987977057645
5.4654841169354995
-2.5003081040035053
10.231888853792332
9.568814814234775
14.647162500222867
13.253095520224974
11.664840856039454
9.115728670231432
6.450583199137684
16.054870806469545
12.589462502722906
13.661940636579812
7.012398927097988
11.344757947076154
7.447114199515344
11.443632647328124
-10.35966411862264
9.20837271994447
7.270226043618173
9.695780829632882
-6.522298582441519
6.272079044298785
-13.831167413563383
10.085419739902596
-16.143860871358058
-11.443632647328124
-10.874967598940849
-9.115728670231432
-8.96696031585407
-10.233720634493974
-6.450583199137684
-4.297700908738703
-7.270226043618173
-9.695780829632882
-6.272079044298785
-10.349179620308961
9.222578892565133
-11.808001017832446
-10.1558927141275
-5.0769730306367125
6.947308111584726
-9.978532455864062
-4.821009509330118
-3.905298353571453
-8.214293449077358
-7.9919989723552565
-10.231888853792332
-8.522884390775868
-9.568814814234775
-3.711440720163878
-9.148581011331435
10.344429068498515
-2.9888821792173697
-4.0301054703443855
4.906047156225975
1.0794372984930134
2.68859790879376
-5.019105409985589
2.8062435048577057
6.458903195335921
28.504911526149847
-6.158314996068911
6.507880221457213
5.921633138811312
3.8181180298243382
6.097400024379945
-14.613289676831178
2.440379359963889
3.885808865063669
6.574866473111644
3.6651877285787577
5.365646454528048
3.8180227633363955
-3.8751528686160452
5.869725041201927
-8.103849047718345
-5.869725041201927
6.766592418086316
-2.440379359963889
-3.8181180298243382
-2.9703986848540453
-6.307999261640116
-5.365646454528048
3.3552844759364513
5.084952892434666
5.410944295688923
4.0301054703443855
10.502426016016942
5.019105409985589
4.213644281193446
4.332158958269489
-10.455692399827205
-5.942540843208098
6.862129708657152
-1.0794372984930134
-2.8062435048577057
-6.677695028006985
-20.839761510486472
7.5558976324240685
-7.030305411805935
-2.7508410276605404
-7.420338641257088
-7.648265893007576
10.823838859205848
-3.975462102899067
-4.77704222376222
-3.7032861251469726
-5.395907215232005
-3.8987564563180084
-4.862207277025593
-3.9797680175888788
-5.259777373467039
-0.7619510919347718
-1.6676369732091372
-9.371334118560034
8.334922944768945
3.6959973183618255
2.612692023463682
-3.885808865063669
-7.065910809784184
-5.504722955726195
-1.6676369732091372
7.030305411805935
7.420338641257088
-4.444922732629546
8.65842125990197
-35.80430146935811
7.960055976730051
10.524680556051438
3.975462102899067
-4.852840135833618
3.7032861251469726
-7.328475517822215
-7.730360244833424
-4.565421813759594
-5.3887411196542665
-6.197839726400696
-3.8193354648761435
-4.502714206447885
-2.2338722957901163
-2.9388490946201444
-2.772012575429449
-5.513518760777597
-4.294387782608192
-4.227211558366277
-4.537560202410101
-6.008475265874848
5.513518760777597
-3.574969434835775
8.41703435744655
2.2338722957901163
4.294387782608192
-4.227211558366277
-13.01773077367491
-17.773345914002647
7.730360244833424
6.62421339383816
4.103771667264969
7.353117850848832
-6.499605529380301
5.3887411196542665
4.502714206447885
-8.104013231119
6.197839726400696
8.075222333362744
6.877954033997705
2.772012575429449
4.598924851718321
6.008475265874848
-6.501562495083681
-8.188888289497873
-12.592702358791366
-13.366882445104032
-9.020982987551793
26.640778836118592
-7.311763670953205
-17.252357286149326
-11.376507928257466
-15.387393733891082
-5.183546487948323
-11.420107303042627
-18.19399794963906
-19.235545413603624
-11.42713206536834
-19.823525700806062
4.589132118812702
11.25472931791145
9.27188538235751
11.548409625093653
12.592702358791366
10.121148336297415
13.366882445104032
8.226245849552118
-5.68639068879807
11.202711907400099
-5.066022033547641
11.376507928257466
-6.523215573661099
14.106103830413899
19.380700333827907
20.67220123875825
10.935044569516743
-10.417661473044099
-8.910468135426168
-10.153991061042968
-11.762411791525547
9.359975940376705
-6.414082615821512
-15.786708266981554
-13.409023419397776
-18.071745655519308
13.65503559252186
-16.605212510645043
-16.975312572696392
-15.489574255246913
-5.6003451648702836
-17.333695695937248
7.947345720243807
10.153991061042968
18.071745655519308
13.409023419397776
16.239895949586572
16.605212510645043
16.975312572696392
13.132979437504535
17.872986777490173
8.76180016736746
8.81438805998177
12.4416709156711
10.563400730632912
-15.199758552499668
-11.764825439704826
-9.833506964956886
-5.8148297500122155
22.717707943097206
14.228097202214684
4.307216619209946
25.984847377479866
24.860580721964777
13.479244575677066
9.067062412047196
9.005194911715174
6.2012448983662125
30.539276214630334
20.97730590053231
34.021313716876186
-6.2522959964624
-3.2897869326685023
39.09213275220812
11.172713723314912
39.29496380263353
2.9260876097878645
-8.944812603223523
27.323206156580703
34.307254989385505
22.42973135231182
27.830083483711288
7.398308270114043
-23.156795202195525
-17.03196906705212
-22.44407779766051
13.123155265056187
-19.57753630743676
-17.444992067048375
-19.367062951115333
-18.44120131555846
-16.60350638086603
14.489294224676005
-11.344757947076154
16.035208914261684
-12.17855136377475
-9.315176874584008
-15.976772172655597
-14.339693527474987
15.270623738348103
-4.906047156225975
-15.535030808309596
-22.763519579528253
21.17829356416556
2.741451514468925
-31.49096074928499
6.565489171533613
-27.328836448204743
-32.80527289862397
7.7356305609833775
5.8148297500122155
5.6003451648702836
-25.389337454974417
-7.719700930824418
-15.029676176744516
23.32269714262228
35.604205783347425
40.530420365364996
44.10968795691241
14.863674317040475
42.18178271327348
43.55101123734167
42.65406810884984
43.43600020574304
41.86638497574715
42.07673189182926
43.66536261180683
44.112546765209785
40.23309825678131
42.804014444376634
20.3032611054074
24.348142135737422
16.385984482751585
28.621279773584632
10.509940461784932
15.42696011601834
12.148620514028778
5.233049376237187
16.195882449554297
-4.533414514858937
16.645405190216398
40.87969621246125
36.6706058394778
18.71096847870892
4.4577554708756715
29.750382144687272
21.194718495707903
23.156795202195525
3.1070595411214192
10.769608718364859
11.256343519872965
-5.2918507231090315
13.45574528441253
-10.003179465699942
14.196273839164748
-5.2918507231090315
-7.763629410060879
-4.934469022409417
7.193696855653312
-5.313820829414557
-4.386432363009492
-25.17069889299696
-36.32582844020732
-26.874141681337523
-36.60067877557605
-22.31387561410816
-11.909754884442696
-2.173278295530425
-17.011361978784233
-20.39393323574811
11.518674104429248
-26.12023056496235
-22.901743177959673
-16.176700608891938
-12.881166214943754
-6.4842918002418894
-15.478880824332938
-19.267954304060986
-19.572029314143936
-29.733770782243205
4.654361237547277
-35.871408723196524
-29.97690356641699
-11.330737448023745
25.83149707096566
26.361209267108862
-13.668464369294064
24.33008597493909
35.194900658721814
38.857400022448886
19.965812993606754
29.9840301361448
13.75022401429187
35.70144977057757
-3.4333386579840517
38.13862205777467
4.233444871470148
8.607608071402774
11.029156271100167
5.159229311428508
14.041029692151923
-8.222256592271874
39.60693588035306
33.351428190930655
-5.201275948045954
8.009284183639611
31.471217520160778
4.94765096035027
36.327965368716484
6.130769750556011
-6.130769750556011
34.647355036111755
38.91371756495982
35.95682982390552
31.018589476170995
26.61526213929215
6.386588885035219
13.292681152409145
13.421665255007591
19.221147945520542
28.331575700818245
23.788877275124612
9.285783139355772
3.2011245245000475
-6.746753908659486
8.284674262084826
-6.00798293732372
13.250142959401744
18.371589033517537
-4.858719853171578
-4.046037496161912
-5.536672781866197
-4.4668257616404
-5.690242876376045
-3.8223377734707573
6.00798293732372
7.229543112369322
-5.955759863705932
10.607152406587536
4.0569225644891524
2.173278295530425
-5.118007960647349
-4.748207762904532
-4.614262299246942
4.4668257616404
3.361183793375392
3.8750879227215886
2.5003081040035053
2.4643260522787296
3.9776461075917666
3.8577734191384896
2.8341977088491777
-5.440250650054742
-6.549254807023788
-3.7214449149240445
-3.361183793375392
6.020190115831152
6.356021679869769
6.724809588283649
-7.0395445606651945
-2.836042438632834
7.276385645672885
-4.42081068849849
-5.398775253264045
-3.0673387509680197
-3.549099968949165
-4.918901240867256
-6.574866473111644
-3.0384651309611868
-4.1499635078227755
-6.724809588283649
-3.8289991485056065
-7.356217250398808
-5.603769905684562
-6.091196258907953
4.506044874134537
-17.376188987368465
3.4831236695496726
-4.686969918112734
3.2817688232573956
4.918901240867256
5.542626541761116
-4.966946579655758
3.826330448706785
-3.9776461075917666
-5.880515938723926
-2.8341977088491777
-6.609732998965836
3.4150292891182286
4.360322825854191
6.3627292687475645
-3.8467821946145775
-3.650051201210793
-2.514039521622166
-4.915884869755239
-3.7764468376230402
-5.015755414223273
-4.5059378498603015
-12.779589951797147
-3.2801910028424794
-5.410944295688923
-6.565489171533613
-10.536042953898573
-5.488157885156023
-6.830397711173716
-8.290645851891032
-8.448721199121637
-8.62961285147658
-3.14032591146646
4.823010472167006
-5.1360896723178975
-3.6597635445135044
-4.7480260078745
8.62961285147658
6.589976860539542
4.180617534275459
4.258241544614226
6.499605529380301
3.1322469147549783
-2.5857499230289425
-7.23000600896915
-8.353760602445812
4.30304999966042
5.422012703167159
3.14032591146646
3.6597635445135044
-3.3884501463359085
-15.48363336697328
-2.3743563214808097
-2.153403431655163
4.5059378498603015
5.795291935522242
-5.789814173950211
-4.395810978054762
-4.178528405722358
-4.8118428723714235
-5.897965613552856
-4.725022019340144
-6.852521856634297
-5.652599083012944
-5.585988383479916
-5.1774860082803
-2.0239686643968087
-4.40171804735985
-5.066022033547641
-4.988518189914064
-4.533414514858937
-5.389247649893004
8.119865681261416
-4.700887650597939
-4.240051378659782
5.79249968694766
2.0239686643968087
2.7810993025761888
4.915884869755239
4.041983891452336
4.988518189914064
11.344800535938969
-4.944361378734147
4.937026604581091
-8.180698484536865
5.038751863066134
-4.408492569368331
-4.240051378659782
17.271460743981237
3.650051201210793
4.178528405722358
5.897965613552856
3.2897869326685023
3.7670214414235783
4.013984758238729
5.37675379069212
6.157896730910401
5.585988383479916
4.081983663331975
2.7508410276605404
-3.3589395104064153
-4.180617534275459
-3.3552844759364513
-7.988285784940637
-3.2429195557289763
18.36657449905596
-2.0155736041293832
-3.395740164095618
7.393298342658489
-2.5867504277388336
-9.755864639742983
-5.137031889536642
3.459338115894201
-4.606728163986679
-5.702108157983329
-3.727332226847867
3.9643860422230466
5.59245350827104
-4.710855864776855
-3.4865487091920464
2.5867504277388336
5.085211816321105
-5.547256852790508
-4.955592366519516
5.137031889536642
20.049288872148786
3.727332226847867
-5.59245350827104
-5.842687488670504
-4.4577554708756715
-9.837624372311717
-3.97958254918381
3.574969434835775
9.393175202843828
5.440250650054742
16.52499174471208
6.838840384635815
10.31175045284209
3.711440720163878
17.054595092638472
7.792566753341369
13.966007068194008
8.487166666976101
-10.762317491501788
-16.52499174471208
-15.167185207851883
-14.93771735966056
-9.255076841883215
4.686164472029677
-8.118985723489386
-6.6432630867583615
6.025792029467737
8.030768138607547
-6.160228208809319
9.102876438119578
5.804040869715852
-5.026601142826795
-4.666985596180666
8.373046371824145
10.080345936826763
9.494579521462146
9.365972375261752
6.75334506620505
-9.405699667248895
9.837624372311717
7.920972504506206
7.376583989224023
5.458432394507396
11.644762367359812
5.294714540046306
8.732787061145343
-5.804040869715852
5.026601142826795
4.666985596180666
-4.307216619209946
-11.644762367359812
11.136637919864318
-11.25466626241275
-10.788660866880383
-7.376583989224023
-8.506698203570235
-5.294714540046306
-8.732787061145343
-5.165398755985667
-7.920972504506206
-5.458432394507396
-4.743332899494359
21.394780943158196
9.369425434797154
13.926129274919054
7.069722456186752
6.6432630867583615
6.160228208809319
4.264608928157404
12.683101395646554
9.255076841883215
3.6452473347037815
-5.52772585706658
-8.935874717086582
11.42713206536834
19.823525700806062
15.681664734029237
-14.11210945148315
-8.996084990743316
2.50232053560883
-5.590956193491687
-6.753702490090488
-6.625422257918429
10.261652218330216
8.137645369110958
8.64412989360498
10.97570657297966
8.975015434576965
10.526114475277502
10.455692399827205
-6.892527144849698
5.547086168505489
9.036946412023623
13.010675021342518
11.460414881551351
-6.262089661521326
8.602392689903825
-8.688655705123235
-11.136637919864318
-10.97570657297966
-8.975015434576965
-10.526114475277502
-0.9338418000123596
-10.121148336297415
-5.704750981332273
-6.32454097741596
-10.509940461784932
-8.119865681261416
-5.547086168505489
-10.91065183631016
-8.602392689903825
-8.249783993318369
-6.408387137396648
-5.590956193491687
-10.261652218330216
-7.239147645381502
10.155254293584903
6.753702490090488
-4.935814334220745
-10.036685899834353
-10.199212670332432
9.904344557368391
-7.045246547276727
-8.226245849552118
15.90423650809311
14.648999415751618
6.1873945140917606
17.333695695937248
14.976960164979278
13.994711582134187
14.11210945148315
6.140193251385086
16.70705287271801
42.643949848500725
23.51387649873736
19.57753630743676
7.625554835441842
10.331466315057442
12.037434821553783
16.941612750081728
16.970970318695713
13.315334718097777
15.203776472307212
8.046112738417236
6.217207005280723
12.17855136377475
12.315748556863213
4.622512517888685
10.806048185263023
11.418898819363907
-11.26418077060662
-9.693186554377888
-7.9309135770325305
-8.513383538161708
8.560960986800902
-8.226049757734522
-10.806048185263023
-4.0768458632099005
-8.469705167013263
-12.037434821553783
-16.970970318695713
-7.327557703678261
-7.625554835441842
-12.158748433254669
-15.203776472307212
-13.315334718097777
-13.479244575677066
20.935539828020588
17.353061345833257
44.34786456514593
43.038047500914836
8.104013231119
12.617531402743094
8.200327724277898
-9.14666507708958
-9.475985755527748
10.003179465699942
-8.200327724277898
9.772258462036445
27.834650113271138
-15.80375067553253
-13.662951514815546
-18.53897986280499
-7.443200909701933
-31.820104675607062
6.553149744167372
-5.948465533737772
-17.72917336215736
-42.94936632947332
18.52915619477388
-25.515807654642877
7.6066521902775435
2.3991534239866645
10.711995898921836
27.98016519890794
-4.360322825854191
8.963448258674065
18.165779115690423
-5.9941122852261985
26.161281708113965
13.594151459258521
-9.907149613407643
-9.830458105905782
-2.1203692534614116
13.11899285601382
12.294771703949518
-8.027457539563533
5.18738965514537
30.21221733701688
-10.383652348209923
7.442372157448638
-6.107914953414406
30.882560079361276
18.416965888826205
27.801357585801988
8.910600804789945
33.4980336681244
8.91286047380332
25.213977852246412
12.714307071330747
13.618901563723908
14.615281884664892
6.892527144849698
-24.046296235344844
10.383652348209923
7.336854081877092
10.35966411862264
16.667748518532434
9.315176874584008
-20.084366947224886
-17.06926613998526
13.406726002828627
12.0275601241174
14.025462641763827
-9.516572543703596
-6.546942456183781
-3.1070595411214192
